(0.9896907216494846, 0.0, 1.0, 0.010309278350515464)
(0.925531914893617, 0.8333333333333334, 0.16666666666666666, 0.07446808510638298)
(1.0, 0, 0, 0.0)
(0.9893617021276596, 0.8333333333333334, 0.16666666666666666, 0.010638297872340425)
(1.0, 0, 0, 0.0)
(1.0, 0, 0, 0.0)
(0.79, 0, 0, 0.21)
(1.0, 1.0, 0.0, 0.0)
(1.0, 0, 0, 0.0)
(1.0, 0, 0, 0.0)
(1.0, 0, 0, 0.0)
(0.8969072164948454, 1.0, 0.0, 0.10309278350515463)
(1.0, 0, 0, 0.0)
(0.9897959183673469, 0.0, 1.0, 0.01020408163265306)
(0.61, 0, 0, 0.39)
(1.0, 0.2727272727272727, 0.7272727272727273, 0.0)
(0.99, 0, 0, 0.01)
(1.0, 0.0, 1.0, 0.0)
(0.9666666666666667, 0.1, 0.9, 0.03333333333333333)
(1.0, 0.3333333333333333, 0.6666666666666666, 0.0)
(0, 0, 0, 0)
(1.0, 0.2, 0.8, 0.0)
(0.9893617021276596, 0.0, 1.0, 0.010638297872340425)
(0.99, 0, 0, 0.01)
(0.99, 0, 0, 0.01)
(0.9896907216494846, 1.0, 0.0, 0.010309278350515464)
(1.0, 0.0, 1.0, 0.0)
(1.0, 0, 0, 0.0)
(0.97, 0, 0, 0.03)
(1.0, 0, 0, 0.0)
(0.9770114942528736, 0.6153846153846154, 0.38461538461538464, 0.022988505747126436)
(1.0, 1.0, 0.0, 0.0)
(0.9761904761904762, 0.125, 0.875, 0.023809523809523808)
(0.8735632183908046, 1.0, 0.0, 0.12643678160919541)
(0.74, 0, 0, 0.26)
(0.8901098901098901, 0.1111111111111111, 0.8888888888888888, 0.10989010989010989)
(0.9489795918367347, 0.0, 1.0, 0.05102040816326531)
(0.9125, 0.5, 0.5, 0.0875)
(1.0, 1.0, 0.0, 0.0)
(0.9797979797979798, 0.0, 1.0, 0.020202020202020204)
(0.5319148936170213, 0.0, 1.0, 0.46808510638297873)
(0.94, 0, 0, 0.06)
(0.9868421052631579, 0.375, 0.625, 0.013157894736842105)
(1.0, 0.0, 1.0, 0.0)
(0.98, 0, 0, 0.02)
(1.0, 1.0, 0.0, 0.0)
(1.0, 0, 0, 0.0)
(1.0, 0, 0, 0.0)
(1.0, 0.16666666666666666, 0.8333333333333334, 0.0)
(1.0, 0, 0, 0.0)