29, 26, 37, 7, 50
real
4, 37, 39, 48, 2
real
25, 8, 54, 48, 37
25, 26, 39, 2, 46
7, 51, 57, 53, 48
26, 54, 29, 37, 21
real
7, 8, 29, 34, 54
real
41, 39, 5, 12, 46
real
real
37, 26, 29, 48, 13
real
37, 27, 48, 4, 2
26, 51, 29, 13, 21
52, 53, 29, 54, 51
real
24, 28, 44, 17, 25
real
56, 13, 26, 7, 15
7, 13, 34, 29, 54
17, 35, 50, 26, 29
5, 38, 46, 19, 16
real
real
real
33, 16, 40, 25, 49
22, 43, 44, 24, 28
21, 10, 26, 50, 39
10, 13, 39, 55, 21
real
21, 26, 32, 39, 50
2, 39, 50, 48, 37
36, 22, 43, 17, 44
15, 10, 48, 29, 7
real
13, 7, 51, 15, 29
real
39, 46, 26, 50, 5
real
24, 28, 44, 17, 43
7, 8, 39, 34, 4
real
2, 37, 39, 48, 4
real
25, 19, 5, 39, 24
52, 25, 54, 42, 26
real
16, 25, 33, 50, 30
real
real
real
24, 28, 17, 44, 38
53, 17, 29, 7, 4
25, 37, 2, 26, 27
real
24, 28, 17, 44, 29
12, 27, 42, 3, 41
31, 38, 5, 27, 46
real
5, 19, 49, 30, 39
real
real
26, 21, 37, 50, 25
38, 24, 31, 44, 17
5, 19, 31, 42, 39
12, 41, 3, 42, 27
46, 26, 54, 3, 50
40, 30, 12, 38, 41
real
37, 29, 26, 2, 48
real
10, 21, 50, 55, 39
30, 27, 5, 16, 33
30, 27, 5, 2, 41
real
real
49, 33, 5, 19, 39
21, 39, 46, 26, 5
real
22, 43, 36, 44, 49
real
10, 13, 15, 7, 57
11, 12, 39, 56, 7
real
39, 17, 2, 37, 19
15, 17, 26, 4, 2
22, 36, 43, 24, 44
56, 55, 39, 4, 2
16, 33, 40, 30, 41
real
28, 17, 24, 25, 19
42, 25, 29, 44, 31
19, 25, 43, 49, 38
real
44, 17, 24, 39, 42
24, 28, 17, 44, 2
46, 39, 26, 35, 50
13, 10, 55, 7, 50
real
48, 2, 26, 37, 8
26, 8, 7, 29, 11
12, 3, 41, 7, 11
real
19, 5, 27, 31, 25
19, 49, 5, 25, 27
5, 16, 46, 27, 21
real
real
real
real
real
12, 18, 41, 3, 4
30, 5, 27, 31, 40
21, 26, 29, 50, 39
10, 21, 13, 50, 39
17, 28, 24, 35, 48
17, 28, 24, 44, 35
real
real
8, 48, 2, 29, 25
real
real
real
real
40, 4, 27, 30, 11
13, 57, 26, 48, 7
real
50, 2, 54, 39, 48
real
29, 54, 26, 8, 7
48, 39, 54, 26, 2
22, 43, 36, 44, 52
39, 5, 26, 48, 46
26, 37, 39, 21, 48
21, 12, 20, 5, 50
26, 37, 4, 48, 57
39, 50, 21, 26, 2
48, 25, 8, 34, 13
7, 34, 29, 3, 13
48, 2, 37, 26, 4
17, 25, 24, 28, 35
24, 28, 17, 44, 38
real
39, 44, 2, 31, 50
21, 50, 35, 26, 17
5, 39, 30, 21, 46
39, 2, 50, 29, 17
29, 7, 26, 37, 57
54, 7, 48, 8, 26
